train_bce train_gmm train_kld train_loss train_loss_mdrnn train_loss_vae train_mse train_recon test_bce test_gmm test_kld test_loss test_loss_mdrnn test_loss_vae test_mse test_recon test_avg_reward_planner test_std_reward_planner test_max_reward_planner test_min_reward_planner test_avg_feef_planner test_std_feef_planner test_max_feef_planner test_min_feef_planner 
0.0 0.0008091016733201318 11.221826341265439 1808.0512631105196 17.036202435928974 -12.28237515654352 0.6668031423609504 4879.293115858977 0.0 0.0008805367563452039 11.514312744140625 4571.479910714285 87.81875206679895 -45.490234375 0.9475620133536202 4924.459821428572 27.597225530371333 8.887963784316359 65.78108108108127 7.591891891891926 0.0 0.0 0.0 0.0 
0.0 0.0007840803050233621 11.459486253054191 1788.406329765243 13.67888856362217 -10.091587832285631 0.6790998354165408 5021.892012947327 0.0 0.0008050293794700078 11.263099670410156 1543.7806919642858 41.52489697802198 -31.628866901327836 0.6469833510262626 4945.366071428572 25.138125273381654 11.806967629039512 68.90689655172434 2.72593856655291 0.0 0.0 0.0 0.0 
0.0 0.0007387593639821092 11.838135190577777 1162.6773266624427 13.097752555816484 -10.673297851185884 0.6181071405797995 5037.619837147402 0.0 0.0006583054283899921 11.864770071847099 3720.5223214285716 56.11604680934874 -28.759265034138654 0.7625199045453753 3923.1252790178573 21.899308407952965 10.814197326315453 66.8924528301889 1.9422960725075584 0.0 0.0 0.0 0.0 
0.0 0.00048693480171581777 11.499127286542626 762.585236090634 12.974828072864128 -11.224104536063475 0.5923852770306507 5177.6362443741755 0.0 0.0005701628646680287 11.569189889090401 4593.727678571428 86.40384995259164 -45.751392620101136 0.9757933616638184 5181.4765625 20.77836834846526 12.2752388223585 73.73962264150971 1.5980056980057014 0.0 0.0 0.0 0.0 
0.0 0.00042995218879493286 11.384786132560654 496.658664524553 12.08537118740939 -11.091756870097766 0.5816552362044608 5335.578297071902 0.0 0.00041160014058862416 11.241568429129464 1216.84375 57.795146085778065 -46.93046974649235 0.6468940462384906 5267.453683035715 18.12222653166497 10.61353169914527 58.1699029126212 1.713953488372097 0.0 0.0 0.0 0.0 
0.0 0.00045480235237088104 11.561432820137744 708.7192196244397 12.494802984083648 -11.108835052806873 0.6042473395600544 5349.8635539320385 0.0 0.0005634481619511332 11.623767307826451 2230.175223214286 91.41317780923346 -64.21591898954703 0.7490246636526925 5277.328683035715 22.061039050991948 15.657370430248191 83.19610389610413 1.8347181008902123 0.0 0.0 0.0 0.0 
0.0 0.0004899507167435313 11.834555815051601 615.7609983994176 11.764232233712173 -10.554986613632503 0.593443725276046 5335.410297915999 0.0 0.0006820972609732832 12.015763419015068 2395.354910714286 103.05583592132506 -68.34054736024845 0.7104031699044364 4727.513950892857 21.58336049182069 16.4235906297467 85.79588477366296 1.6306590257879696 0.0 0.0 0.0 0.0 
0.0 0.0005156062560722548 12.066842370870976 418.5476664741009 11.593396922950793 -10.739681761157376 0.5710813092296656 5309.488394692237 0.0 0.0005989060737192631 12.362432207380023 1665.41796875 47.37054335861057 -35.963570969911935 0.6910110201154437 5263.043526785715 21.22663922676977 17.165470217423646 92.69534050179256 1.8701492537313484 0.0 0.0 0.0 0.0 
0.0 0.0005087528885144947 12.372568729475594 25.910066771774932 10.854754495716046 -10.78786637944582 0.5346546055116859 5338.096004487858 0.0 0.0008927901674594198 12.790776933942523 9512.73521205357 60.11138311392075 9.324640331725757 0.8226331983293805 -1264.6845703125 20.351120026809873 16.260710349275996 78.84014598540173 1.2050397877984107 0.0 0.0 0.0 0.0 
